0	0.121269
1500	0.0969376
3000	0.0790298
4500	0.0675458
6000	0.0624854
7500	0.0638488
9000	0.0716359
10500	0.0858467
12000	0.106481
13500	0.133539
15000	0.167021
16500	0.206927
18000	0.253256
19500	0.306009
21000	0.365186
22500	0.430786
24000	0.50281
25500	0.581258
27000	0.66613
28500	0.757425
30000	0.855144
31500	0.959287
33000	1.06985
34500	1.18684
36000	1.31026
37500	1.44009
39000	1.57636
40500	1.71904
42000	1.86815
43500	2.02368
45000	2.18564
46500	2.35402
48000	2.52882
49500	2.71005
51000	2.8977
52500	3.09177
54000	3.29227
55500	3.49919
57000	3.71254
58500	3.93231
60000	4.1585
61500	4.39112
63000	4.63016
64500	4.87562
66000	5.12751
67500	5.38582
69000	5.65056
70500	5.92172
72000	6.1993
73500	6.48331
75000	6.77374
76500	7.07059
78000	7.37387
79500	7.68357
81000	7.99969
82500	8.32224
84000	8.65121
85500	8.98661
87000	9.32843
88500	9.67667
90000	10.0313
91500	10.3924
93000	10.7599
94500	11.1339
96000	11.5142
97500	11.901
99000	12.2942
100500	12.6939
102000	13.0999
103500	13.5124
105000	13.9313
106500	14.3566
108000	14.7884
109500	15.2266
111000	15.6712
112500	16.1222
114000	16.5796
115500	17.0435
117000	17.5138
118500	17.9905
120000	18.4737
121500	18.9632
123000	19.4592
124500	19.9616
126000	20.4705
127500	20.9857
129000	21.5074
130500	22.0355
132000	22.57
133500	23.111
135000	23.6584
136500	24.2122
138000	24.7724
139500	25.3391
141000	25.9121
142500	26.4916
144000	27.0775
145500	27.6699
147000	28.2687
148500	28.8738
150000	29.4855
151500	30.1035
153000	30.728
154500	31.3589
156000	31.9962
157500	32.6399
159000	33.2901
160500	33.9466
162000	34.6096
163500	35.2791
165000	35.9549
166500	36.6372
168000	37.3259
169500	38.021
171000	38.7226
172500	39.4305
174000	40.1449
175500	40.8658
177000	41.593
178500	42.3267
180000	43.0667
181500	43.8133
183000	44.5662
184500	45.3256
186000	46.0913
187500	46.8636
189000	47.6422
190500	48.4272
192000	49.2187
193500	50.0166
195000	50.8209
196500	51.6317
198000	52.4489
199500	53.2725
201000	54.1025
202500	54.9389
204000	55.7818
205500	56.6311
207000	57.4868
208500	58.349
210000	59.2175
211500	60.0925
213000	60.9739
214500	61.8617
216000	62.756
217500	63.6567
219000	64.5638
220500	65.4773
222000	66.3973
223500	67.3237
225000	68.2565
226500	69.1957
228000	70.1413
229500	71.0934
231000	72.0519
232500	73.0168
234000	73.9882
235500	74.9659
237000	75.9501
238500	76.9407
240000	77.9378
241500	78.9412
243000	79.9511
244500	80.9674
246000	81.9902
247500	83.0193
249000	84.0549
