0	0.00605793
1500	0.00568505
3000	0.00572501
4500	0.00617779
6000	0.00704341
7500	0.00832186
9000	0.0100131
10500	0.0121173
12000	0.0146342
13500	0.017564
15000	0.0209066
16500	0.024662
18000	0.0288303
19500	0.0334114
21000	0.0384053
22500	0.0438121
24000	0.0496317
25500	0.0558641
27000	0.0625094
28500	0.0695675
30000	0.0770384
31500	0.0849222
33000	0.0932188
34500	0.101928
36000	0.11105
37500	0.120586
39000	0.130533
40500	0.140894
42000	0.151668
43500	0.162854
45000	0.174453
46500	0.186465
48000	0.19889
49500	0.211728
51000	0.224979
52500	0.238642
54000	0.252718
55500	0.267207
57000	0.282109
58500	0.297424
60000	0.313152
61500	0.329292
63000	0.345845
64500	0.362811
66000	0.38019
67500	0.397982
69000	0.416186
70500	0.434804
72000	0.453834
73500	0.473277
75000	0.493133
76500	0.513402
78000	0.534083
79500	0.555178
81000	0.576685
82500	0.598605
84000	0.620938
85500	0.643683
87000	0.666842
88500	0.690413
90000	0.714398
91500	0.738795
93000	0.763604
94500	0.788827
96000	0.814463
97500	0.840511
99000	0.866972
100500	0.893846
102000	0.921133
103500	0.948833
105000	0.976945
106500	1.00547
108000	1.03441
109500	1.06376
111000	1.09352
112500	1.1237
114000	1.15429
115500	1.18529
117000	1.21671
118500	1.24854
120000	1.28078
121500	1.31343
123000	1.3465
124500	1.37998
126000	1.41387
127500	1.44817
129000	1.48289
130500	1.51802
132000	1.55356
133500	1.58952
135000	1.62589
136500	1.66267
138000	1.69987
139500	1.73747
141000	1.7755
142500	1.81393
144000	1.85277
145500	1.89203
147000	1.93171
148500	1.97179
150000	2.01229
151500	2.0532
153000	2.09452
154500	2.13626
156000	2.17841
157500	2.22097
159000	2.26394
160500	2.30733
162000	2.35113
163500	2.39534
165000	2.43997
166500	2.48501
168000	2.53046
169500	2.57632
171000	2.6226
172500	2.66929
174000	2.71639
175500	2.76391
177000	2.81184
178500	2.86018
180000	2.90893
181500	2.9581
183000	3.00768
184500	3.05767
186000	3.10808
187500	3.15889
189000	3.21013
190500	3.26177
192000	3.31383
193500	3.3663
195000	3.41918
196500	3.47247
198000	3.52618
199500	3.5803
201000	3.63484
202500	3.68978
204000	3.74514
205500	3.80091
207000	3.8571
208500	3.9137
210000	3.97071
211500	4.02813
213000	4.08597
214500	4.14422
216000	4.20288
217500	4.26195
219000	4.32144
220500	4.38134
222000	4.44166
223500	4.50238
225000	4.56352
226500	4.62507
228000	4.68704
229500	4.74942
231000	4.81221
232500	4.87541
234000	4.93903
235500	5.00305
237000	5.0675
238500	5.13235
240000	5.19762
241500	5.2633
243000	5.32939
244500	5.3959
246000	5.46282
247500	5.53015
249000	5.59789
