0	0.0419276
1500	0.0383411
3000	0.0365017
4500	0.0364094
6000	0.0380643
7500	0.0414664
9000	0.0466156
10500	0.0535119
12000	0.0621554
13500	0.072546
15000	0.0846838
16500	0.0985687
18000	0.114201
19500	0.13158
21000	0.150706
22500	0.17158
24000	0.1942
25500	0.218568
27000	0.244683
28500	0.272545
30000	0.302154
31500	0.333511
33000	0.366614
34500	0.401465
36000	0.438062
37500	0.476407
39000	0.516499
40500	0.558339
42000	0.601925
43500	0.647258
45000	0.694339
46500	0.743167
48000	0.793742
49500	0.846064
51000	0.900133
52500	0.955949
54000	1.01351
55500	1.07282
57000	1.13388
58500	1.19669
60000	1.26124
61500	1.32754
63000	1.39558
64500	1.46538
66000	1.53692
67500	1.61021
69000	1.68524
70500	1.76202
72000	1.84055
73500	1.92083
75000	2.00285
76500	2.08662
78000	2.17214
79500	2.2594
81000	2.34842
82500	2.43918
84000	2.53168
85500	2.62594
87000	2.72194
88500	2.81968
90000	2.91918
91500	3.02042
93000	3.12341
94500	3.22815
96000	3.33463
97500	3.44286
99000	3.55284
100500	3.66456
102000	3.77804
103500	3.89325
105000	4.01022
106500	4.12893
108000	4.2494
109500	4.3716
111000	4.49556
112500	4.62126
114000	4.74871
115500	4.87791
117000	5.00885
118500	5.14154
120000	5.27598
121500	5.41216
123000	5.55009
124500	5.68977
126000	5.8312
127500	5.97437
129000	6.11929
130500	6.26596
132000	6.41438
133500	6.56454
135000	6.71645
136500	6.8701
138000	7.02551
139500	7.18266
141000	7.34156
142500	7.5022
144000	7.66459
145500	7.82873
147000	7.99462
148500	8.16225
150000	8.33163
151500	8.50276
153000	8.67564
154500	8.85026
156000	9.02663
157500	9.20474
159000	9.38461
160500	9.56622
162000	9.74957
163500	9.93468
165000	10.1215
166500	10.3101
168000	10.5005
169500	10.6926
171000	10.8864
172500	11.082
174000	11.2793
175500	11.4784
177000	11.6792
178500	11.8818
180000	12.0861
181500	12.2922
183000	12.5
184500	12.7096
186000	12.9209
187500	13.134
189000	13.3488
190500	13.5653
192000	13.7836
193500	14.0037
195000	14.2255
196500	14.449
198000	14.6743
199500	14.9013
201000	15.1301
202500	15.3607
204000	15.5929
205500	15.827
207000	16.0627
208500	16.3002
210000	16.5395
211500	16.7805
213000	17.0233
214500	17.2678
216000	17.5141
217500	17.7621
219000	18.0118
220500	18.2633
222000	18.5165
223500	18.7715
225000	19.0283
226500	19.2868
228000	19.547
229500	19.809
231000	20.0727
232500	20.3382
234000	20.6054
235500	20.8744
237000	21.1451
238500	21.4175
240000	21.6917
241500	21.9677
243000	22.2454
244500	22.5249
246000	22.8061
247500	23.089
249000	23.3737
